,TEAM_ID,TEAM_NAME,GP,W,L,W_PCT,MIN,E_OFF_RATING,OFF_RATING,E_DEF_RATING,DEF_RATING,E_NET_RATING,NET_RATING,AST_PCT,AST_TO,AST_RATIO,OREB_PCT,DREB_PCT,REB_PCT,TM_TOV_PCT,EFG_PCT,TS_PCT,E_PACE,PACE,PIE,GP_RANK,W_RANK,L_RANK,W_PCT_RANK,MIN_RANK,OFF_RATING_RANK,DEF_RATING_RANK,NET_RATING_RANK,AST_PCT_RANK,AST_TO_RANK,AST_RATIO_RANK,OREB_PCT_RANK,DREB_PCT_RANK,REB_PCT_RANK,TM_TOV_PCT_RANK,EFG_PCT_RANK,TS_PCT_RANK,PACE_RANK,PIE_RANK,CFID,CFPARAMS
0,1610612737,Atlanta Hawks,82,24,58,0.293,3941.0,102.4,104.4,108.2,110.0,-5.8,-5.6,0.622,1.53,17.6,0.263,0.719,0.489,0.157,0.512,0.547,100.6,98.85,0.468,1,27,27,27,27,26,24,26,5,23,8,18,26,26,29,22,20,8,26,10,Atlanta Hawks
1,1610612738,Boston Celtics,82,55,27,0.671,3961.0,105.3,106.7,101.5,103.1,3.7,3.6,0.586,1.6,17.0,0.263,0.739,0.504,0.144,0.518,0.552,98.2,96.82,0.519,1,4,4,4,12,18,2,7,13,17,21,19,10,11,15,15,14,23,8,10,Boston Celtics
2,1610612751,Brooklyn Nets,82,28,54,0.341,3971.0,104.3,106.0,108.5,109.6,-4.2,-3.6,0.619,1.56,17.3,0.251,0.731,0.489,0.151,0.514,0.551,101.1,99.74,0.474,1,23,23,23,5,22,21,24,6,21,12,24,14,25,22,18,15,6,24,10,Brooklyn Nets
3,1610612766,Charlotte Hornets,82,36,46,0.439,3956.0,107.0,108.9,107.0,108.9,0.0,0.0,0.554,1.7,16.1,0.271,0.763,0.512,0.128,0.508,0.549,100.5,98.74,0.5,1,20,20,20,16,9,17,18,25,9,27,13,2,5,3,25,18,11,18,10,Charlotte Hornets
4,1610612741,Chicago Bulls,82,27,55,0.329,3971.0,101.3,103.3,109.1,110.4,-7.8,-7.1,0.607,1.68,17.3,0.256,0.767,0.5,0.14,0.497,0.529,100.3,98.74,0.453,1,24,24,24,5,28,28,28,8,13,14,22,1,17,10,29,29,10,28,10,Chicago Bulls
5,1610612739,Cleveland Cavaliers,82,50,32,0.61,3946.0,110.6,112.0,109.5,111.0,1.0,1.0,0.579,1.7,17.5,0.243,0.73,0.492,0.139,0.547,0.584,100.1,98.79,0.502,1,6,6,6,23,5,29,14,20,8,9,28,16,24,8,3,3,9,17,10,Cleveland Cavaliers
6,1610612742,Dallas Mavericks,82,24,58,0.293,3961.0,104.1,105.4,107.4,108.2,-3.3,-2.9,0.594,1.85,17.3,0.224,0.749,0.478,0.126,0.513,0.544,97.5,96.61,0.475,1,27,27,27,12,24,16,22,10,2,11,30,5,30,1,19,23,26,23,10,Dallas Mavericks
7,1610612743,Denver Nuggets,82,46,36,0.561,3976.0,109.6,111.3,108.8,109.9,0.8,1.4,0.617,1.68,18.2,0.3,0.736,0.517,0.151,0.536,0.57,99.1,97.81,0.511,1,14,14,14,4,6,23,11,7,11,5,2,11,2,24,6,7,15,10,10,Denver Nuggets
8,1610612765,Detroit Pistons,82,39,43,0.476,3961.0,104.9,106.5,104.8,106.6,0.0,-0.1,0.582,1.7,17.1,0.269,0.74,0.499,0.138,0.512,0.543,98.4,96.81,0.489,1,19,19,19,12,19,10,19,19,10,17,16,9,18,7,20,26,24,21,10,Detroit Pistons
9,1610612744,Golden State Warriors,82,58,24,0.707,3946.0,112.3,112.7,104.2,106.8,8.1,5.9,0.685,1.9,20.9,0.243,0.712,0.497,0.153,0.569,0.603,101.8,100.43,0.554,1,3,3,3,23,3,11,3,1,1,1,27,29,19,25,1,1,5,1,10,Golden State Warriors
10,1610612745,Houston Rockets,82,65,17,0.793,3951.0,112.2,114.0,103.8,105.6,8.5,8.4,0.557,1.56,16.3,0.254,0.75,0.503,0.14,0.551,0.59,99.7,98.1,0.531,1,1,1,1,18,1,7,1,22,22,26,23,4,14,11,2,2,14,5,10,Houston Rockets
11,1610612754,Indiana Pacers,82,48,34,0.585,3951.0,107.2,108.5,105.6,107.2,1.6,1.3,0.544,1.67,16.8,0.271,0.721,0.496,0.136,0.525,0.557,98.2,96.9,0.509,1,8,8,8,18,11,12,12,28,14,22,15,24,20,5,12,13,21,12,10,Indiana Pacers
12,1610612746,LA Clippers,82,42,40,0.512,3941.0,107.7,109.3,107.7,109.2,0.0,0.2,0.555,1.52,16.5,0.284,0.718,0.504,0.147,0.527,0.564,101.1,99.62,0.497,1,18,18,18,27,8,19,17,24,26,25,6,27,10,18,10,10,7,19,10,LA Clippers
13,1610612747,Los Angeles Lakers,82,35,47,0.427,3981.0,104.2,105.9,105.6,107.2,-1.4,-1.3,0.584,1.51,17.0,0.279,0.729,0.505,0.155,0.517,0.548,102.6,100.97,0.491,1,21,21,21,3,23,13,21,17,27,19,8,17,9,26,16,19,3,20,10,Los Angeles Lakers
14,1610612763,Memphis Grizzlies,82,22,60,0.268,3941.0,101.8,103.4,108.4,110.2,-6.6,-6.7,0.586,1.44,16.5,0.276,0.721,0.493,0.156,0.5,0.539,97.3,95.78,0.46,1,29,29,29,27,27,26,27,12,29,24,10,23,23,28,28,27,28,27,10,Memphis Grizzlies
15,1610612748,Miami Heat,82,44,38,0.537,3986.0,104.5,106.1,104.0,105.7,0.5,0.4,0.585,1.58,17.1,0.261,0.741,0.501,0.147,0.52,0.551,97.8,96.18,0.505,1,15,15,15,2,21,8,16,16,19,16,20,7,16,19,14,16,27,15,10,Miami Heat
16,1610612749,Milwaukee Bucks,82,44,38,0.537,3966.0,107.8,108.8,107.1,109.1,0.7,-0.3,0.585,1.68,17.6,0.244,0.709,0.48,0.141,0.531,0.571,98.5,97.16,0.502,1,15,15,15,8,10,18,20,15,12,7,26,30,28,12,8,6,20,16,10,Milwaukee Bucks
17,1610612750,Minnesota Timberwolves,82,47,35,0.573,3961.0,110.8,112.3,108.4,110.1,2.4,2.2,0.553,1.82,17.0,0.289,0.72,0.503,0.128,0.523,0.566,98.3,96.84,0.518,1,12,12,12,12,4,25,10,26,3,20,4,25,13,2,13,9,22,9,10,Minnesota Timberwolves
18,1610612740,New Orleans Pelicans,82,48,34,0.585,3991.0,107.7,108.4,105.6,107.2,2.1,1.1,0.627,1.79,19.0,0.24,0.726,0.494,0.145,0.541,0.573,102.7,101.6,0.525,1,8,8,8,1,12,14,13,4,5,3,29,19,21,16,4,5,1,7,10,New Orleans Pelicans
19,1610612752,New York Knicks,82,29,53,0.354,3966.0,104.1,106.2,108.4,109.6,-4.3,-3.4,0.573,1.58,17.2,0.289,0.727,0.509,0.15,0.51,0.544,99.2,97.71,0.481,1,22,22,22,8,20,22,23,21,18,15,3,18,6,21,24,24,17,22,10,New York Knicks
20,1610612760,Oklahoma City Thunder,82,48,34,0.585,3966.0,107.6,109.9,104.7,106.3,2.9,3.6,0.535,1.53,15.8,0.32,0.725,0.515,0.143,0.514,0.546,99.2,97.43,0.508,1,8,8,8,8,7,9,6,29,25,28,1,20,3,13,17,21,18,14,10,Oklahoma City Thunder
21,1610612753,Orlando Magic,82,25,57,0.305,3946.0,102.8,104.7,107.7,109.3,-4.9,-4.7,0.604,1.61,17.5,0.248,0.714,0.48,0.147,0.512,0.545,100.3,98.63,0.472,1,26,26,26,23,25,20,25,9,16,10,25,28,29,17,21,22,12,25,10,Orlando Magic
22,1610612755,Philadelphia 76ers,82,52,30,0.634,3956.0,107.4,108.3,102.0,103.8,5.4,4.5,0.663,1.64,19.1,0.286,0.736,0.52,0.163,0.535,0.568,102.2,100.9,0.542,1,5,5,5,16,14,3,4,2,15,2,5,12,1,30,7,8,4,2,10,Philadelphia 76ers
23,1610612756,Phoenix Suns,82,21,61,0.256,3941.0,100.8,102.6,110.6,111.6,-9.7,-9.0,0.553,1.35,15.6,0.271,0.724,0.493,0.155,0.495,0.532,102.6,101.27,0.442,1,30,30,30,27,30,30,30,27,30,29,14,22,22,27,30,28,2,30,10,Phoenix Suns
24,1610612757,Portland Trail Blazers,82,49,33,0.598,3951.0,106.1,108.3,104.2,105.5,1.9,2.8,0.496,1.44,15.0,0.279,0.746,0.513,0.139,0.511,0.549,98.8,97.2,0.51,1,7,7,7,18,13,6,9,30,28,30,7,6,4,9,23,17,19,11,10,Portland Trail Blazers
25,1610612758,Sacramento Kings,82,27,55,0.329,3951.0,101.1,103.0,109.0,110.3,-7.9,-7.2,0.556,1.57,16.6,0.264,0.731,0.489,0.143,0.502,0.529,97.1,95.59,0.451,1,24,24,24,18,29,27,29,23,20,23,17,15,27,14,27,30,30,29,10,Sacramento Kings
26,1610612759,San Antonio Spurs,82,47,35,0.573,3946.0,105.5,107.0,102.4,104.1,3.1,2.9,0.583,1.73,17.3,0.277,0.741,0.508,0.137,0.507,0.543,97.2,95.76,0.525,1,12,12,12,23,17,4,8,18,6,13,9,8,8,6,26,25,29,6,10,San Antonio Spurs
27,1610612761,Toronto Raptors,82,59,23,0.72,3966.0,111.0,112.9,103.4,105.1,7.6,7.8,0.59,1.82,17.9,0.274,0.725,0.502,0.135,0.539,0.575,99.8,98.11,0.538,1,2,2,2,8,2,5,2,11,4,6,12,21,15,4,5,4,13,3,10,Toronto Raptors
28,1610612762,Utah Jazz,82,48,34,0.585,3951.0,106.2,107.2,101.6,102.9,4.6,4.3,0.586,1.53,17.1,0.256,0.756,0.509,0.151,0.527,0.564,97.8,96.72,0.532,1,8,8,8,18,16,1,5,14,24,18,21,3,7,23,9,11,25,4,10,Utah Jazz
29,1610612764,Washington Wizards,82,43,39,0.524,3971.0,106.9,108.1,106.2,107.6,0.7,0.5,0.631,1.73,18.4,0.274,0.732,0.504,0.148,0.525,0.56,98.9,97.72,0.509,1,17,17,17,5,15,15,15,3,7,4,11,13,12,20,11,12,16,13,10,Washington Wizards
0,1610612737,Atlanta Hawks,82,43,39,0.524,3976.0,102.3,104.5,103.1,105.2,-0.8,-0.7,0.621,1.5,17.4,0.282,0.717,0.502,0.16,0.504,0.541,99.8,97.79,0.506,1,11,11,11,4,27,4,19,6,23,10,13,19,12,28,19,20,11,10,10,Atlanta Hawks
1,1610612738,Boston Celtics,82,53,29,0.646,3951.0,108.6,110.6,105.5,108.0,3.1,2.6,0.653,1.9,18.8,0.259,0.705,0.485,0.136,0.525,0.567,99.3,97.21,0.514,1,4,4,4,25,7,14,8,2,3,2,23,29,27,7,9,6,13,7,10,Boston Celtics
2,1610612751,Brooklyn Nets,82,20,62,0.244,3951.0,101.9,103.6,108.0,110.1,-6.1,-6.5,0.566,1.29,15.9,0.241,0.716,0.483,0.162,0.507,0.551,103.6,101.76,0.46,1,30,30,30,25,29,23,28,21,29,26,28,22,28,29,17,16,1,28,10,Brooklyn Nets
3,1610612766,Charlotte Hornets,82,36,46,0.439,3966.0,106.4,108.4,106.1,108.4,0.3,-0.1,0.611,2.01,17.6,0.247,0.749,0.496,0.119,0.501,0.547,97.8,95.95,0.505,1,20,20,20,10,14,17,15,8,2,9,27,3,19,1,23,17,20,11,10,Charlotte Hornets
4,1610612741,Chicago Bulls,82,41,41,0.5,3956.0,104.6,106.5,104.5,106.2,0.1,0.3,0.584,1.66,16.8,0.311,0.733,0.519,0.14,0.487,0.53,97.7,96.04,0.504,1,15,15,15,18,21,5,14,13,15,17,3,8,4,13,30,28,19,13,10,Chicago Bulls
5,1610612739,Cleveland Cavaliers,82,51,31,0.622,3976.0,110.9,112.8,108.0,109.7,2.9,3.0,0.567,1.66,17.1,0.264,0.722,0.499,0.14,0.547,0.58,98.4,96.75,0.51,1,5,5,5,4,3,21,7,20,16,15,21,14,18,11,2,3,16,9,10,Cleveland Cavaliers
6,1610612742,Dallas Mavericks,82,33,49,0.402,3956.0,103.7,104.7,106.3,107.7,-2.6,-3.0,0.574,1.75,16.8,0.216,0.733,0.465,0.127,0.505,0.541,94.2,93.12,0.479,1,22,22,22,18,25,13,23,17,7,18,30,7,30,3,18,19,28,24,10,Dallas Mavericks
7,1610612743,Denver Nuggets,82,40,42,0.488,3951.0,110.0,112.1,110.5,111.7,-0.5,0.4,0.615,1.69,18.2,0.314,0.753,0.532,0.15,0.53,0.568,100.7,99.2,0.503,1,18,18,18,25,4,29,13,7,10,4,2,2,1,23,5,5,6,15,10,Denver Nuggets
8,1610612765,Detroit Pistons,82,37,45,0.451,3961.0,103.3,105.3,105.3,106.7,-2.0,-1.4,0.53,1.78,16.1,0.286,0.775,0.519,0.123,0.492,0.521,97.1,95.54,0.482,1,19,19,19,13,24,8,21,28,4,24,9,1,3,2,27,30,21,23,10,Detroit Pistons
9,1610612744,Golden State Warriors,82,67,15,0.817,3956.0,113.2,114.8,101.1,103.4,12.1,11.3,0.705,2.06,21.2,0.272,0.709,0.504,0.146,0.563,0.597,102.2,100.38,0.579,1,1,1,1,18,1,2,1,1,1,1,17,27,10,20,1,1,4,1,10,Golden State Warriors
10,1610612745,Houston Rockets,82,55,27,0.671,3956.0,111.8,114.1,106.4,108.4,5.4,5.6,0.626,1.67,18.1,0.281,0.717,0.499,0.15,0.545,0.583,102.5,100.56,0.516,1,3,3,3,18,2,18,3,4,13,5,15,21,17,22,3,2,3,6,10,Houston Rockets
11,1610612754,Indiana Pacers,82,42,40,0.512,3971.0,106.2,107.9,106.3,108.0,-0.1,-0.2,0.572,1.63,17.2,0.255,0.713,0.488,0.141,0.516,0.558,98.1,96.59,0.505,1,13,13,13,7,16,15,16,18,18,14,26,24,25,15,13,13,18,12,10,Indiana Pacers
12,1610612746,LA Clippers,82,51,31,0.622,3951.0,110.3,111.8,105.8,107.5,4.5,4.4,0.57,1.74,17.2,0.256,0.733,0.501,0.133,0.537,0.574,98.2,96.78,0.527,1,5,5,5,25,5,12,4,19,8,13,25,6,13,6,4,4,15,4,10,LA Clippers
13,1610612747,Los Angeles Lakers,82,26,56,0.317,3941.0,103.4,105.3,110.6,112.0,-7.2,-6.7,0.532,1.38,15.6,0.284,0.717,0.494,0.153,0.501,0.537,100.8,99.27,0.446,1,28,28,28,30,23,30,30,26,28,27,11,18,21,27,22,25,5,30,10,Los Angeles Lakers
14,1610612763,Memphis Grizzlies,82,43,39,0.524,3981.0,104.7,107.0,104.5,106.5,0.1,0.5,0.584,1.65,16.5,0.295,0.731,0.507,0.137,0.491,0.535,94.7,92.87,0.501,1,11,11,11,2,19,7,12,12,17,20,7,9,7,9,28,26,29,17,10,Memphis Grizzlies
15,1610612748,Miami Heat,82,41,41,0.5,3956.0,105.2,107.4,104.1,106.4,1.0,1.1,0.544,1.58,16.3,0.284,0.718,0.499,0.14,0.512,0.541,97.6,95.53,0.5,1,15,15,15,18,17,6,10,24,19,21,12,16,16,12,15,18,22,18,10,Miami Heat
16,1610612749,Milwaukee Bucks,82,42,40,0.512,3956.0,106.9,108.5,106.4,108.7,0.5,-0.2,0.624,1.73,18.5,0.26,0.706,0.487,0.146,0.527,0.565,96.7,95.0,0.504,1,13,13,13,18,13,19,17,5,9,3,22,28,26,19,7,7,26,14,10,Milwaukee Bucks
17,1610612750,Minnesota Timberwolves,82,31,51,0.378,3961.0,108.1,110.0,109.1,110.9,-1.0,-0.9,0.6,1.69,17.7,0.309,0.71,0.507,0.146,0.511,0.555,97.1,95.49,0.501,1,24,24,24,13,10,27,20,10,11,7,4,25,8,18,16,15,23,16,10,Minnesota Timberwolves
18,1610612740,New Orleans Pelicans,82,34,48,0.415,3981.0,103.3,104.6,104.9,106.7,-1.6,-2.1,0.582,1.77,17.1,0.228,0.728,0.48,0.129,0.504,0.539,100.1,98.59,0.493,1,21,21,21,2,26,9,22,14,6,16,29,11,29,4,20,23,8,21,10,New Orleans Pelicans
19,1610612752,New York Knicks,82,31,51,0.378,3971.0,104.7,107.1,108.7,110.7,-4.1,-3.6,0.551,1.57,16.2,0.305,0.698,0.5,0.143,0.496,0.534,98.6,96.66,0.482,1,24,24,24,7,18,25,24,22,20,22,5,30,15,16,25,27,17,22,10,New York Knicks
20,1610612760,Oklahoma City Thunder,82,47,35,0.573,3961.0,105.0,107.9,105.1,107.0,-0.2,0.9,0.532,1.4,15.5,0.323,0.742,0.528,0.152,0.5,0.54,100.5,98.21,0.499,1,10,10,10,13,15,10,11,27,27,28,1,5,2,25,24,21,9,19,10,Oklahoma City Thunder
21,1610612753,Orlando Magic,82,29,53,0.354,3961.0,101.2,103.7,108.0,110.3,-6.8,-6.5,0.58,1.67,16.8,0.267,0.726,0.491,0.137,0.489,0.524,99.1,96.92,0.46,1,26,26,26,13,28,24,29,15,14,19,20,12,23,8,29,29,14,29,10,Orlando Magic
22,1610612755,Philadelphia 76ers,82,28,54,0.341,3966.0,100.7,102.7,106.4,108.2,-5.7,-5.6,0.631,1.43,17.4,0.273,0.709,0.49,0.167,0.501,0.539,101.0,99.09,0.47,1,27,27,27,10,30,16,27,3,26,11,16,26,24,30,21,22,7,26,10,Philadelphia 76ers
23,1610612756,Phoenix Suns,82,24,58,0.293,3966.0,103.9,106.1,109.3,111.3,-5.4,-5.2,0.491,1.27,14.4,0.299,0.718,0.503,0.152,0.493,0.538,102.9,100.88,0.462,1,29,29,29,10,22,28,26,29,30,30,6,17,11,26,26,24,2,27,10,Phoenix Suns
24,1610612757,Portland Trail Blazers,82,41,41,0.5,3986.0,107.8,109.4,107.8,110.0,0.0,-0.5,0.534,1.54,16.0,0.269,0.72,0.496,0.139,0.52,0.559,99.1,97.4,0.493,1,15,15,15,1,11,22,18,25,21,25,19,15,20,10,11,12,12,20,10,Portland Trail Blazers
25,1610612758,Sacramento Kings,82,32,50,0.39,3976.0,104.6,106.5,109.1,110.7,-4.5,-4.2,0.594,1.54,17.3,0.258,0.723,0.492,0.152,0.516,0.556,97.1,95.45,0.478,1,23,23,23,4,20,26,25,11,22,12,24,13,22,24,14,14,24,25,10,Sacramento Kings
26,1610612759,San Antonio Spurs,82,61,21,0.744,3961.0,108.8,110.3,100.9,102.8,7.9,7.5,0.606,1.77,18.1,0.282,0.73,0.511,0.141,0.524,0.564,96.4,94.89,0.551,1,2,2,2,13,9,1,2,9,5,6,14,10,6,14,10,9,27,2,10,San Antonio Spurs
27,1610612761,Toronto Raptors,82,51,31,0.622,3956.0,109.8,111.4,104.9,107.1,4.9,4.3,0.472,1.46,14.5,0.291,0.717,0.505,0.132,0.517,0.561,97.1,95.42,0.516,1,5,5,5,18,6,11,6,30,25,29,8,20,9,5,12,11,25,5,10,Toronto Raptors
28,1610612762,Utah Jazz,82,51,31,0.622,3951.0,107.4,108.9,102.7,104.6,4.7,4.3,0.544,1.48,16.2,0.27,0.743,0.514,0.147,0.526,0.563,93.6,92.11,0.534,1,5,5,5,25,12,3,5,23,24,23,18,4,5,21,8,10,30,3,10,Utah Jazz
29,1610612764,Washington Wizards,82,49,33,0.598,3971.0,108.5,110.4,106.9,108.7,1.6,1.6,0.577,1.68,17.6,0.286,0.716,0.501,0.143,0.528,0.564,99.7,97.97,0.511,1,9,9,9,7,8,20,9,16,12,8,10,23,14,17,6,8,10,8,10,Washington Wizards
0,1610612737,Atlanta Hawks,82,48,34,0.585,3966.0,103.0,104.6,98.8,100.7,4.1,3.9,0.663,1.71,19.0,0.234,0.698,0.474,0.152,0.516,0.552,99.4,97.69,0.528,1,7,7,7,11,20,2,7,2,7,2,29,26,28,21,6,8,8,6,10,Atlanta Hawks
1,1610612738,Boston Celtics,82,48,34,0.585,3956.0,103.9,105.8,100.9,102.5,3.0,3.3,0.616,1.76,17.4,0.29,0.707,0.495,0.138,0.488,0.531,101.1,99.44,0.52,1,7,7,7,23,10,4,8,5,4,10,12,24,18,5,24,21,3,9,10,Boston Celtics
2,1610612751,Brooklyn Nets,82,21,61,0.256,3951.0,100.9,102.3,108.5,109.7,-7.6,-7.4,0.583,1.51,17.0,0.279,0.716,0.494,0.153,0.492,0.527,97.4,96.13,0.46,1,28,28,28,26,27,29,28,18,19,14,17,19,21,22,21,23,20,27,10,Brooklyn Nets
3,1610612766,Charlotte Hornets,82,48,34,0.585,3971.0,105.1,106.4,101.8,103.7,3.3,2.6,0.586,1.73,16.7,0.244,0.754,0.499,0.129,0.502,0.545,97.8,96.27,0.511,1,7,7,7,9,9,9,9,17,6,18,27,1,15,1,14,12,18,11,10,Charlotte Hornets
4,1610612741,Chicago Bulls,82,42,40,0.512,3981.0,102.1,104.0,103.9,105.5,-1.8,-1.4,0.591,1.64,17.0,0.29,0.714,0.506,0.142,0.487,0.526,98.2,96.63,0.494,1,14,14,14,3,23,15,18,14,12,13,11,20,12,12,26,26,15,16,10,Chicago Bulls
5,1610612739,Cleveland Cavaliers,82,57,25,0.695,3971.0,108.1,110.2,102.3,103.9,5.8,6.3,0.587,1.67,17.4,0.294,0.742,0.519,0.143,0.524,0.558,95.5,93.84,0.528,1,3,3,3,9,3,10,4,16,10,11,10,5,4,13,3,4,28,5,10,Cleveland Cavaliers
6,1610612742,Dallas Mavericks,82,42,40,0.512,4001.0,104.8,105.5,104.3,105.9,0.6,-0.4,0.592,1.73,17.0,0.241,0.723,0.484,0.132,0.502,0.544,96.4,95.38,0.503,1,14,14,14,1,11,16,16,13,5,12,28,14,26,2,13,14,22,13,10,Dallas Mavericks
7,1610612743,Denver Nuggets,82,33,49,0.402,3966.0,102.7,104.9,106.4,108.2,-3.7,-3.2,0.601,1.55,16.9,0.304,0.732,0.513,0.151,0.489,0.531,98.2,96.36,0.479,1,21,21,21,11,17,25,23,9,15,15,3,9,7,19,23,22,17,25,10,Denver Nuggets
8,1610612765,Detroit Pistons,82,44,38,0.537,3976.0,103.3,105.2,103.4,104.9,-0.2,0.4,0.512,1.44,14.8,0.313,0.753,0.521,0.14,0.491,0.522,97.4,95.78,0.486,1,12,12,12,5,15,13,14,29,23,29,2,2,2,8,22,28,21,22,10,Detroit Pistons
9,1610612744,Golden State Warriors,82,73,9,0.89,3976.0,112.5,113.4,100.9,102.8,11.6,10.6,0.68,1.91,20.3,0.267,0.72,0.507,0.15,0.563,0.593,101.6,100.27,0.567,1,1,1,1,5,1,6,2,1,1,1,22,15,11,18,1,1,2,2,10,Golden State Warriors
10,1610612745,Houston Rockets,82,41,41,0.5,3966.0,105.5,107.3,105.6,107.3,-0.2,0.0,0.589,1.39,16.4,0.297,0.692,0.492,0.161,0.516,0.553,100.1,98.44,0.49,1,17,17,17,11,7,21,15,15,26,19,8,29,23,27,7,6,7,19,10,Houston Rockets
11,1610612754,Indiana Pacers,82,45,37,0.549,3976.0,102.4,103.8,100.2,102.2,2.2,1.6,0.554,1.43,16.1,0.271,0.714,0.494,0.151,0.497,0.536,99.0,97.38,0.518,1,11,11,11,5,25,3,12,24,25,22,21,21,19,20,20,19,11,10,10,Indiana Pacers
12,1610612746,LA Clippers,82,53,29,0.646,3966.0,106.5,107.2,100.9,102.6,5.5,4.5,0.596,1.76,17.4,0.234,0.697,0.472,0.133,0.524,0.556,98.0,96.83,0.533,1,6,6,6,11,8,5,5,10,3,9,30,27,29,3,5,5,13,4,10,LA Clippers
13,1610612747,Los Angeles Lakers,82,17,65,0.207,3946.0,98.6,100.7,109.3,110.3,-10.7,-9.7,0.513,1.31,14.1,0.271,0.712,0.484,0.142,0.46,0.509,98.0,96.55,0.424,1,29,29,29,28,29,30,29,28,27,30,19,22,27,11,30,30,16,30,10,Los Angeles Lakers
14,1610612763,Memphis Grizzlies,82,42,40,0.512,3966.0,102.6,104.7,105.4,107.0,-2.9,-2.4,0.562,1.56,16.0,0.298,0.709,0.495,0.14,0.477,0.524,95.7,93.97,0.483,1,14,14,14,11,19,20,21,20,13,25,6,23,16,9,29,27,27,23,10,Memphis Grizzlies
15,1610612748,Miami Heat,82,48,34,0.585,3966.0,104.2,105.4,101.5,103.7,2.6,1.7,0.543,1.48,16.3,0.28,0.729,0.512,0.148,0.508,0.545,95.7,94.16,0.525,1,7,7,7,11,12,8,11,26,20,20,15,11,8,16,11,13,25,7,10,Miami Heat
16,1610612749,Milwaukee Bucks,82,33,49,0.402,3966.0,102.2,103.3,105.7,107.8,-3.5,-4.5,0.603,1.52,17.6,0.286,0.689,0.49,0.159,0.499,0.537,96.6,95.06,0.483,1,21,21,21,11,26,23,26,8,17,8,13,30,25,24,17,17,23,24,10,Milwaukee Bucks
17,1610612750,Minnesota Timberwolves,82,29,53,0.354,3976.0,104.3,105.4,107.1,109.0,-2.8,-3.6,0.619,1.56,17.6,0.279,0.702,0.494,0.155,0.498,0.549,97.6,96.22,0.497,1,26,26,26,5,13,28,24,4,14,6,18,25,20,23,18,9,19,14,10,Minnesota Timberwolves
18,1610612740,New Orleans Pelicans,82,30,52,0.366,3956.0,103.2,104.8,107.3,108.4,-4.1,-3.7,0.577,1.65,16.8,0.252,0.748,0.493,0.137,0.498,0.537,98.9,97.65,0.472,1,25,25,25,23,18,26,25,19,11,16,24,3,22,4,19,18,9,26,10,New Orleans Pelicans
19,1610612752,New York Knicks,82,32,50,0.39,3961.0,102.0,103.9,104.8,106.6,-2.8,-2.8,0.557,1.53,16.0,0.28,0.718,0.502,0.142,0.483,0.527,95.8,94.15,0.487,1,24,24,24,19,24,18,22,23,16,24,16,17,13,10,28,24,26,21,10,New York Knicks
20,1610612760,Oklahoma City Thunder,82,55,27,0.671,3966.0,109.9,112.1,103.0,104.8,6.9,7.4,0.558,1.44,16.7,0.347,0.72,0.541,0.162,0.524,0.565,99.4,97.55,0.546,1,5,5,5,11,2,11,3,21,22,17,1,16,1,28,4,2,10,3,10,Oklahoma City Thunder
21,1610612753,Orlando Magic,82,35,47,0.427,3981.0,102.6,104.4,104.6,106.0,-2.0,-1.6,0.596,1.67,17.6,0.271,0.726,0.495,0.144,0.5,0.533,98.2,96.7,0.488,1,20,20,20,3,22,17,19,11,9,7,20,13,17,14,16,20,14,20,10,Orlando Magic
22,1610612755,Philadelphia 76ers,82,10,72,0.122,3961.0,96.6,98.4,106.7,108.6,-10.0,-10.3,0.594,1.31,16.2,0.25,0.693,0.466,0.165,0.487,0.519,100.2,98.45,0.428,1,30,30,30,19,30,27,30,12,28,21,26,28,30,29,27,29,6,29,10,Philadelphia 76ers
23,1610612756,Phoenix Suns,82,23,59,0.28,3941.0,99.4,101.4,107.0,107.9,-7.6,-6.5,0.558,1.21,15.4,0.297,0.733,0.508,0.173,0.487,0.526,100.9,99.39,0.45,1,27,27,27,29,28,24,27,22,30,26,7,8,10,30,25,25,4,28,10,Phoenix Suns
24,1610612757,Portland Trail Blazers,82,44,38,0.537,3961.0,106.1,107.6,105.6,106.8,0.6,0.8,0.552,1.46,16.0,0.294,0.728,0.51,0.15,0.511,0.548,98.3,97.09,0.493,1,12,12,12,19,6,19,13,25,21,23,9,12,9,17,8,10,12,18,10,Portland Trail Blazers
25,1610612758,Sacramento Kings,82,33,49,0.402,3961.0,103.3,105.3,106.3,107.6,-3.0,-2.3,0.612,1.52,17.6,0.281,0.717,0.5,0.16,0.51,0.546,102.2,100.68,0.494,1,21,21,21,19,14,22,20,6,18,5,14,18,14,25,10,11,1,17,10,Sacramento Kings
26,1610612759,San Antonio Spurs,82,67,15,0.817,3941.0,108.4,109.3,96.6,98.2,11.8,11.1,0.611,1.88,18.8,0.266,0.746,0.516,0.138,0.526,0.564,95.7,94.54,0.578,1,2,2,2,29,4,1,1,7,2,3,23,4,6,6,2,3,24,1,10,San Antonio Spurs
27,1610612761,Toronto Raptors,82,56,26,0.683,3956.0,107.0,109.3,102.7,104.8,4.3,4.4,0.511,1.43,14.9,0.3,0.736,0.52,0.139,0.504,0.552,95.3,93.36,0.525,1,4,4,4,23,5,12,6,30,24,28,5,7,3,7,12,7,29,8,10,Toronto Raptors
28,1610612762,Utah Jazz,82,40,42,0.488,3991.0,103.1,105.0,101.6,103.2,1.6,1.8,0.526,1.27,15.1,0.303,0.731,0.517,0.16,0.501,0.54,93.3,91.7,0.508,1,19,19,19,2,16,7,10,27,29,27,4,10,5,26,15,16,30,12,10,Utah Jazz
29,1610612764,Washington Wizards,82,41,41,0.5,3951.0,102.9,104.5,103.6,105.1,-0.7,-0.5,0.619,1.69,18.1,0.25,0.737,0.49,0.145,0.511,0.544,100.6,99.16,0.497,1,17,17,17,26,21,14,17,3,8,4,25,6,24,15,9,15,5,15,10,Washington Wizards
0,1610612737,Atlanta Hawks,82,60,22,0.732,3946.0,106.2,108.2,100.7,102.2,5.6,5.9,0.676,1.81,19.5,0.264,0.697,0.487,0.15,0.527,0.563,96.2,94.66,0.54,1,2,2,2,26,6,5,4,1,3,2,30,22,27,17,3,3,15,3,10,Atlanta Hawks
1,1610612738,Boston Celtics,82,40,42,0.488,3976.0,101.7,103.8,102.1,103.5,-0.4,0.3,0.629,1.77,18.0,0.289,0.71,0.495,0.141,0.489,0.523,98.4,96.74,0.498,1,16,16,16,8,19,12,16,3,4,6,15,16,18,6,22,23,5,18,10,Boston Celtics
2,1610612751,Brooklyn Nets,82,38,44,0.463,3986.0,101.9,103.3,105.0,106.3,-3.1,-2.9,0.559,1.51,16.3,0.278,0.701,0.491,0.146,0.491,0.529,95.0,93.72,0.48,1,18,18,18,3,20,22,21,25,19,19,23,19,22,13,18,20,20,23,10,Brooklyn Nets
3,1610612766,Charlotte Hornets,82,33,49,0.402,3981.0,97.6,99.5,101.0,103.0,-3.4,-3.5,0.568,1.69,15.8,0.27,0.746,0.502,0.126,0.456,0.498,95.3,93.47,0.482,1,22,22,22,6,28,10,24,19,7,26,27,1,13,1,30,29,24,22,10,Charlotte Hornets
4,1610612741,Chicago Bulls,82,50,32,0.61,3976.0,104.7,106.3,101.5,103.3,3.3,3.0,0.593,1.56,16.6,0.312,0.709,0.516,0.147,0.489,0.536,95.4,93.81,0.529,1,9,9,9,8,11,11,11,11,15,14,5,17,4,15,21,14,19,6,10,Chicago Bulls
5,1610612739,Cleveland Cavaliers,82,53,29,0.646,3956.0,107.7,110.1,104.1,105.3,3.7,4.8,0.587,1.55,17.1,0.311,0.711,0.513,0.152,0.52,0.557,94.8,93.23,0.514,1,7,7,7,23,4,18,5,13,16,9,6,15,6,19,4,4,25,10,10,Cleveland Cavaliers
6,1610612742,Dallas Mavericks,82,50,32,0.61,3976.0,107.2,108.2,103.7,104.9,3.5,3.2,0.567,1.74,17.0,0.269,0.681,0.477,0.133,0.515,0.55,97.4,96.41,0.521,1,9,9,9,8,5,17,9,20,6,10,28,30,30,3,6,7,8,9,10,Dallas Mavericks
7,1610612743,Denver Nuggets,82,30,52,0.366,3976.0,101.6,103.8,105.5,107.1,-3.9,-3.3,0.577,1.53,16.2,0.303,0.7,0.494,0.146,0.479,0.518,98.7,96.89,0.465,1,24,24,24,8,18,26,23,17,17,20,10,20,20,12,25,24,4,25,10,Denver Nuggets
8,1610612765,Detroit Pistons,82,32,50,0.39,3966.0,102.3,104.3,104.2,105.4,-1.8,-1.1,0.582,1.61,16.4,0.316,0.712,0.505,0.142,0.482,0.515,95.2,93.7,0.478,1,23,23,23,18,15,20,19,15,10,17,3,14,11,8,24,26,21,24,10,Detroit Pistons
9,1610612744,Golden State Warriors,82,67,15,0.817,3946.0,109.7,110.4,98.2,100.4,11.4,10.0,0.659,1.9,19.7,0.273,0.703,0.498,0.145,0.54,0.571,100.7,99.29,0.569,1,1,1,1,26,2,1,1,2,2,1,24,18,14,11,1,1,1,1,10,Golden State Warriors
10,1610612745,Houston Rockets,82,56,26,0.683,3961.0,104.2,106.0,100.5,102.6,3.7,3.5,0.6,1.33,16.5,0.305,0.686,0.496,0.17,0.512,0.548,99.3,97.38,0.509,1,3,3,3,20,12,7,8,10,27,16,9,27,17,28,7,8,2,12,10,Houston Rockets
11,1610612754,Indiana Pacers,82,38,44,0.463,3971.0,100.8,102.9,100.9,102.7,-0.1,0.2,0.586,1.53,16.6,0.286,0.735,0.511,0.148,0.484,0.523,95.5,93.7,0.505,1,18,18,18,13,23,8,17,14,18,15,19,2,7,16,23,22,22,16,10,Indiana Pacers
12,1610612746,Los Angeles Clippers,82,56,26,0.683,3946.0,109.8,111.5,103.0,104.7,6.9,6.8,0.629,2.01,18.7,0.272,0.716,0.497,0.129,0.533,0.565,97.0,95.41,0.54,1,3,3,3,26,1,16,2,4,1,3,26,9,15,2,2,2,11,4,10,Los Angeles Clippers
13,1610612747,Los Angeles Lakers,82,21,61,0.256,3986.0,100.8,102.2,108.0,109.4,-7.2,-7.2,0.562,1.58,15.9,0.29,0.72,0.497,0.137,0.473,0.513,96.3,95.08,0.45,1,27,27,27,3,24,29,27,24,14,24,13,7,16,5,26,27,13,28,10,Los Angeles Lakers
14,1610612763,Memphis Grizzlies,82,55,27,0.671,3981.0,103.1,104.7,99.9,101.2,3.1,3.5,0.574,1.62,16.9,0.288,0.716,0.503,0.142,0.489,0.531,94.2,92.85,0.53,1,5,5,5,6,13,2,7,18,9,11,18,10,12,9,20,18,26,5,10,Memphis Grizzlies
15,1610612748,Miami Heat,82,37,45,0.451,3946.0,101.5,103.2,103.8,106.1,-2.4,-3.0,0.564,1.34,16.1,0.284,0.687,0.489,0.161,0.5,0.54,93.3,91.49,0.492,1,21,21,21,26,21,21,22,22,26,23,20,25,26,25,12,11,29,19,10,Miami Heat
16,1610612749,Milwaukee Bucks,82,41,41,0.5,3986.0,100.5,101.9,99.3,101.3,1.2,0.6,0.627,1.41,17.8,0.29,0.686,0.491,0.174,0.499,0.536,96.5,94.85,0.511,1,15,15,15,3,25,4,15,6,22,7,14,26,21,29,13,15,14,11,10,Milwaukee Bucks
17,1610612750,Minnesota Timberwolves,82,16,66,0.195,3961.0,99.8,101.8,109.6,110.9,-9.8,-9.1,0.593,1.44,16.3,0.311,0.682,0.489,0.156,0.468,0.517,97.0,95.46,0.453,1,30,30,30,20,26,30,29,12,21,18,7,29,24,21,28,25,10,27,10,Minnesota Timberwolves
18,1610612740,New Orleans Pelicans,82,45,37,0.549,3956.0,105.4,107.1,104.7,106.3,0.7,0.8,0.581,1.66,17.1,0.309,0.712,0.511,0.143,0.501,0.537,93.7,92.29,0.508,1,13,13,13,23,9,23,13,16,8,8,8,13,8,10,11,12,27,13,10,New Orleans Pelicans
19,1610612752,New York Knicks,82,17,65,0.207,3971.0,97.1,98.9,107.2,109.0,-10.1,-10.1,0.606,1.45,16.7,0.289,0.691,0.484,0.158,0.47,0.508,93.7,92.08,0.441,1,29,29,29,13,29,28,30,9,20,13,16,23,28,24,27,28,28,29,10,New York Knicks
20,1610612760,Oklahoma City Thunder,82,45,37,0.549,3966.0,104.5,106.7,103.1,104.6,1.3,2.1,0.528,1.4,15.3,0.318,0.73,0.524,0.151,0.492,0.532,98.3,96.64,0.505,1,13,13,13,18,10,15,12,29,23,30,2,4,2,18,17,17,6,17,10,Oklahoma City Thunder
21,1610612753,Orlando Magic,82,25,57,0.305,3951.0,99.6,101.0,105.2,106.8,-5.6,-5.8,0.55,1.39,16.2,0.269,0.716,0.491,0.157,0.494,0.524,95.9,94.52,0.455,1,26,26,26,25,27,24,26,27,24,21,29,8,23,22,16,21,16,26,10,Orlando Magic
22,1610612755,Philadelphia 76ers,82,18,64,0.22,3961.0,93.0,94.8,102.1,103.9,-9.1,-9.0,0.609,1.16,15.5,0.293,0.686,0.48,0.183,0.459,0.494,98.3,96.48,0.426,1,28,28,28,20,30,13,28,8,30,27,12,28,29,30,29,30,7,30,10,Philadelphia 76ers
23,1610612756,Phoenix Suns,82,39,43,0.476,3976.0,102.9,104.2,103.4,105.3,-0.5,-1.1,0.522,1.34,15.4,0.281,0.698,0.489,0.154,0.501,0.537,98.7,97.22,0.491,1,17,17,17,8,17,19,20,30,25,29,22,21,25,20,10,13,3,20,10,Phoenix Suns
24,1610612757,Portland Trail Blazers,82,51,31,0.622,3971.0,105.5,107.1,101.4,102.8,4.2,4.3,0.567,1.61,16.8,0.282,0.728,0.51,0.142,0.508,0.544,96.5,95.08,0.522,1,8,8,8,13,8,9,6,21,11,12,21,5,9,7,9,9,12,8,10,Portland Trail Blazers
25,1610612758,Sacramento Kings,82,29,53,0.354,3971.0,102.5,104.5,106.5,108.2,-4.0,-3.8,0.554,1.25,15.5,0.313,0.715,0.519,0.168,0.49,0.542,97.9,96.19,0.485,1,25,25,25,13,14,27,25,26,29,28,4,11,3,26,19,10,9,21,10,Sacramento Kings
26,1610612759,San Antonio Spurs,82,55,27,0.671,3991.0,106.2,107.6,99.6,101.3,6.6,6.3,0.623,1.75,18.4,0.272,0.73,0.507,0.146,0.517,0.555,95.9,94.48,0.545,1,5,5,5,1,7,3,3,7,5,4,25,3,10,14,5,5,17,2,10,San Antonio Spurs
27,1610612761,Toronto Raptors,82,49,33,0.598,3971.0,108.1,110.2,104.8,107.1,3.2,3.1,0.547,1.61,16.1,0.301,0.689,0.494,0.137,0.508,0.553,95.4,93.5,0.506,1,11,11,11,13,3,25,10,28,12,22,11,24,19,4,8,6,23,15,10,Toronto Raptors
28,1610612762,Utah Jazz,82,38,44,0.463,3941.0,102.5,104.2,102.1,104.1,0.5,0.1,0.563,1.3,15.8,0.332,0.715,0.524,0.168,0.494,0.531,92.8,91.1,0.507,1,18,18,18,30,16,14,18,23,28,25,1,12,1,27,15,19,30,14,10,Utah Jazz
29,1610612764,Washington Wizards,82,46,36,0.561,3991.0,101.8,103.0,100.0,102.3,1.9,0.7,0.627,1.6,18.1,0.288,0.726,0.514,0.157,0.499,0.534,96.0,94.33,0.525,1,12,12,12,1,22,6,14,5,13,5,17,6,5,23,14,16,18,7,10,Washington Wizards
0,1610612737,Atlanta Hawks,82,38,44,0.463,3966.0,103.4,104.9,104.1,105.6,-0.7,-0.7,0.667,1.63,18.8,0.256,0.711,0.485,0.158,0.515,0.554,96.9,95.43,0.502,1,18,18,18,15,19,15,17,1,7,2,28,13,26,21,9,9,13,17,10,Atlanta Hawks
1,1610612738,Boston Celtics,82,25,57,0.305,3946.0,99.7,101.9,105.2,106.5,-5.5,-4.6,0.576,1.37,16.2,0.314,0.708,0.505,0.163,0.477,0.517,95.9,94.28,0.461,1,26,26,26,29,26,17,25,18,25,21,7,16,14,28,28,28,17,26,10,Boston Celtics
2,1610612751,Brooklyn Nets,82,44,38,0.537,3976.0,104.4,105.4,104.9,106.7,-0.6,-1.3,0.585,1.44,16.7,0.26,0.686,0.475,0.155,0.514,0.555,93.7,92.44,0.492,1,14,14,14,7,15,19,19,14,18,14,27,26,29,16,10,8,25,18,10,Brooklyn Nets
3,1610612766,Charlotte Bobcats,82,43,39,0.524,3981.0,101.2,102.9,101.2,103.3,0.1,-0.4,0.597,1.76,16.9,0.269,0.73,0.5,0.131,0.481,0.522,94.7,92.96,0.508,1,16,16,16,6,24,6,16,8,2,13,24,1,17,1,25,24,22,15,10,Charlotte Bobcats
4,1610612741,Chicago Bulls,82,48,34,0.585,3986.0,99.7,101.7,97.8,99.8,1.9,1.9,0.654,1.52,17.6,0.321,0.713,0.518,0.162,0.471,0.518,92.7,90.88,0.528,1,11,11,11,4,28,2,13,2,15,8,3,12,3,27,30,27,29,7,10,Chicago Bulls
5,1610612739,Cleveland Cavaliers,82,33,49,0.402,3986.0,101.3,103.5,104.8,107.0,-3.5,-3.5,0.572,1.49,16.2,0.314,0.711,0.508,0.149,0.479,0.518,95.7,93.72,0.469,1,22,22,22,4,22,20,23,20,17,22,8,14,11,8,27,26,19,23,10,Cleveland Cavaliers
6,1610612742,Dallas Mavericks,82,49,33,0.598,3966.0,109.0,109.5,105.9,107.2,3.0,2.3,0.596,1.74,18.0,0.276,0.694,0.487,0.141,0.526,0.564,95.7,94.97,0.521,1,10,10,10,15,6,21,12,10,4,6,23,22,25,4,4,6,15,10,10,Dallas Mavericks
7,1610612743,Denver Nuggets,82,36,46,0.439,3951.0,103.3,105.1,105.4,107.3,-2.1,-2.2,0.584,1.41,16.4,0.31,0.703,0.505,0.16,0.497,0.536,100.7,98.96,0.481,1,20,20,20,28,18,22,20,15,23,18,11,18,13,24,16,17,3,21,10,Denver Nuggets
8,1610612765,Detroit Pistons,82,29,53,0.354,3956.0,102.9,105.2,107.3,109.0,-4.4,-3.7,0.539,1.44,15.6,0.347,0.693,0.511,0.151,0.482,0.514,97.4,95.58,0.464,1,23,23,23,22,16,25,24,28,19,28,1,24,8,12,24,29,12,25,10,Detroit Pistons
9,1610612744,Golden State Warriors,82,51,31,0.622,3966.0,105.3,106.2,99.9,101.4,5.4,4.9,0.591,1.53,17.4,0.284,0.724,0.508,0.155,0.517,0.55,98.5,97.39,0.528,1,8,8,8,15,12,3,5,12,13,9,22,4,9,15,8,10,5,8,10,Golden State Warriors
10,1610612745,Houston Rockets,82,54,28,0.659,3966.0,108.6,109.8,103.1,105.2,5.5,4.5,0.563,1.33,16.1,0.306,0.7,0.513,0.164,0.531,0.571,98.8,97.3,0.534,1,5,5,5,15,4,13,7,23,27,23,12,20,7,29,3,2,6,6,10,Houston Rockets
11,1610612754,Indiana Pacers,82,56,26,0.683,3956.0,101.5,103.6,96.7,98.9,4.8,4.7,0.56,1.33,15.9,0.296,0.721,0.517,0.162,0.49,0.535,94.9,92.89,0.545,1,4,4,4,22,21,1,6,26,26,27,16,6,5,26,19,19,23,3,10,Indiana Pacers
12,1610612746,Los Angeles Clippers,82,57,25,0.695,3951.0,109.4,111.3,102.1,104.0,7.3,7.3,0.628,1.77,18.3,0.288,0.69,0.496,0.143,0.526,0.567,98.4,96.68,0.548,1,3,3,3,25,1,9,2,4,1,3,20,25,21,6,5,4,8,2,10,Los Angeles Clippers
13,1610612747,Los Angeles Lakers,82,27,55,0.329,3941.0,101.9,103.2,107.9,109.3,-6.0,-6.0,0.639,1.62,18.1,0.235,0.676,0.459,0.152,0.505,0.542,101.0,99.72,0.46,1,25,25,25,30,23,28,27,3,8,4,30,30,30,13,13,13,2,27,10,Los Angeles Lakers
14,1610612763,Memphis Grizzlies,82,50,32,0.61,3961.0,103.3,105.4,102.1,103.7,1.2,1.7,0.574,1.59,17.1,0.326,0.718,0.521,0.15,0.494,0.529,92.2,90.6,0.518,1,9,9,9,20,14,8,14,19,9,12,2,8,1,10,18,21,30,12,10,Memphis Grizzlies
15,1610612748,Miami Heat,82,54,28,0.659,3976.0,109.0,110.0,102.9,105.0,6.1,5.1,0.588,1.52,18.1,0.244,0.686,0.476,0.159,0.554,0.59,93.3,91.92,0.539,1,5,5,5,7,3,11,4,13,14,5,29,27,28,22,1,1,27,5,10,Miami Heat
16,1610612749,Milwaukee Bucks,82,15,67,0.183,3976.0,100.2,101.8,108.9,110.1,-8.7,-8.3,0.596,1.42,16.5,0.31,0.678,0.49,0.161,0.479,0.519,94.3,92.99,0.449,1,30,30,30,7,27,30,29,9,21,16,10,29,23,25,26,25,21,29,10,Milwaukee Bucks
17,1610612750,Minnesota Timberwolves,82,40,42,0.488,3971.0,105.6,107.7,104.1,105.1,1.4,2.5,0.616,1.72,17.3,0.317,0.715,0.508,0.14,0.486,0.535,99.8,98.35,0.519,1,17,17,17,10,10,12,11,6,5,10,5,9,10,2,21,18,4,11,10,Minnesota Timberwolves
18,1610612740,New Orleans Pelicans,82,34,48,0.415,3971.0,104.7,106.1,107.3,109.1,-2.6,-3.0,0.563,1.55,16.5,0.305,0.694,0.497,0.147,0.495,0.537,94.5,93.09,0.483,1,21,21,21,10,13,27,22,24,11,17,13,23,20,7,17,16,20,20,10,New Orleans Pelicans
19,1610612752,New York Knicks,82,37,45,0.451,3971.0,105.4,107.0,106.5,108.0,-1.0,-1.1,0.542,1.54,16.0,0.291,0.705,0.492,0.141,0.505,0.541,92.6,91.25,0.49,1,19,19,19,10,11,24,18,27,12,25,18,17,22,3,12,14,28,19,10,New York Knicks
20,1610612760,Oklahoma City Thunder,82,59,23,0.72,3961.0,108.1,109.4,101.0,103.0,7.1,6.4,0.562,1.43,16.6,0.294,0.722,0.518,0.158,0.52,0.566,97.9,96.34,0.543,1,2,2,2,20,7,5,3,25,20,15,17,5,4,20,6,5,9,4,10,Oklahoma City Thunder
21,1610612753,Orlando Magic,82,23,59,0.28,3991.0,99.3,100.9,104.8,106.6,-5.5,-5.7,0.571,1.41,16.4,0.267,0.714,0.49,0.156,0.487,0.525,95.9,94.32,0.466,1,28,28,28,2,29,18,26,21,22,20,25,10,24,17,20,22,16,24,10,Orlando Magic
22,1610612755,Philadelphia 76ers,82,19,63,0.232,3971.0,96.8,99.0,107.5,109.0,-10.7,-10.0,0.576,1.29,16.0,0.29,0.684,0.479,0.168,0.475,0.51,101.6,99.78,0.426,1,29,29,29,14,30,26,30,17,28,26,19,28,27,30,29,30,1,30,10,Philadelphia 76ers
23,1610612756,Phoenix Suns,82,48,34,0.585,3951.0,107.1,108.2,103.8,105.6,3.3,2.6,0.493,1.24,14.7,0.298,0.699,0.5,0.158,0.519,0.558,98.2,96.83,0.509,1,11,11,11,25,8,14,10,30,29,29,14,21,16,19,7,7,7,14,10,Phoenix Suns
24,1610612757,Portland Trail Blazers,82,54,28,0.659,3971.0,108.3,110.4,104.7,106.1,3.5,4.2,0.594,1.69,17.2,0.32,0.713,0.517,0.142,0.504,0.548,97.5,95.92,0.524,1,5,5,5,10,2,16,8,11,6,11,4,11,6,5,14,11,10,9,10,Portland Trail Blazers
25,1610612758,Sacramento Kings,82,28,54,0.341,3966.0,102.9,105.1,106.3,107.8,-3.4,-2.7,0.511,1.24,14.6,0.316,0.725,0.518,0.159,0.484,0.532,96.7,95.05,0.473,1,24,24,24,15,17,23,21,29,30,30,6,2,2,23,23,20,14,22,10,Sacramento Kings
26,1610612759,San Antonio Spurs,82,62,20,0.756,3951.0,108.2,109.5,100.1,101.4,8.1,8.2,0.621,1.75,19.0,0.261,0.725,0.503,0.15,0.537,0.571,97.1,95.88,0.555,1,1,1,1,25,5,4,1,5,3,1,26,3,15,9,2,3,11,1,10,San Antonio Spurs
27,1610612761,Toronto Raptors,82,48,34,0.585,3991.0,105.8,107.9,102.4,104.6,3.5,3.3,0.581,1.5,16.4,0.312,0.701,0.505,0.151,0.498,0.545,94.4,92.52,0.512,1,11,11,11,2,9,10,9,16,16,19,9,19,12,11,15,12,24,13,10,Toronto Raptors
28,1610612762,Utah Jazz,82,25,57,0.305,3956.0,100.6,102.4,109.1,110.0,-8.4,-7.6,0.564,1.39,16.1,0.297,0.708,0.497,0.158,0.484,0.523,93.6,92.34,0.451,1,26,26,26,22,25,29,28,22,24,24,15,15,19,18,22,23,26,28,10,Utah Jazz
29,1610612764,Washington Wizards,82,44,38,0.537,4011.0,103.3,104.8,102.4,103.5,0.9,1.3,0.601,1.59,17.6,0.286,0.719,0.498,0.153,0.506,0.538,95.5,94.23,0.504,1,14,14,14,1,20,7,15,7,10,7,21,7,18,14,11,15,18,16,10,Washington Wizards
0,1610612737,Atlanta Hawks,82,44,38,0.537,3971.0,102.7,103.7,101.8,103.4,0.9,0.3,0.651,1.65,18.8,0.254,0.701,0.482,0.157,0.517,0.546,94.7,93.58,0.509,1,14,14,14,7,17,10,14,1,5,2,28,13,29,19,6,9,12,13,10,Atlanta Hawks
1,1610612738,Boston Celtics,81,41,40,0.506,3968.0,101.1,102.1,100.4,102.6,0.7,-0.6,0.614,1.56,17.9,0.246,0.69,0.477,0.154,0.503,0.542,94.0,92.52,0.507,29,16,16,16,11,24,7,16,6,13,5,29,23,30,11,12,12,16,14,10,Boston Celtics
2,1610612751,Brooklyn Nets,82,49,33,0.598,3971.0,105.0,106.8,103.6,104.8,1.4,2.0,0.567,1.38,16.1,0.343,0.701,0.52,0.162,0.498,0.536,91.2,89.92,0.509,1,8,9,9,7,9,16,10,25,28,25,3,14,3,26,14,13,28,12,10,Brooklyn Nets
3,1610612766,Charlotte Bobcats,82,21,61,0.256,3961.0,98.3,100.4,108.9,110.3,-10.6,-9.9,0.562,1.38,15.3,0.305,0.679,0.486,0.151,0.46,0.507,94.0,92.5,0.438,1,29,29,29,16,28,30,30,27,29,30,16,26,25,8,30,30,17,30,10,Charlotte Bobcats
4,1610612741,Chicago Bulls,82,45,37,0.549,3966.0,100.4,102.4,100.3,101.9,0.1,0.5,0.645,1.61,17.8,0.332,0.699,0.514,0.157,0.47,0.512,92.0,90.38,0.514,1,11,11,11,12,23,6,13,2,8,7,6,16,5,15,29,26,27,8,10,Chicago Bulls
5,1610612739,Cleveland Cavaliers,82,24,58,0.293,3946.0,100.8,103.2,106.9,108.2,-6.1,-5.0,0.566,1.47,15.9,0.326,0.695,0.5,0.15,0.473,0.514,94.9,93.26,0.45,1,28,28,28,26,20,26,27,26,20,28,8,22,15,6,26,24,13,29,10,Cleveland Cavaliers
6,1610612742,Dallas Mavericks,82,41,41,0.5,3996.0,103.6,104.7,104.0,105.4,-0.4,-0.7,0.599,1.67,17.7,0.259,0.698,0.484,0.144,0.506,0.544,96.2,95.15,0.502,1,16,17,17,1,14,18,17,16,3,9,27,17,28,3,11,11,6,17,10,Dallas Mavericks
7,1610612743,Denver Nuggets,82,57,25,0.695,3981.0,107.6,109.3,102.0,104.1,5.6,5.1,0.6,1.6,17.8,0.345,0.675,0.513,0.157,0.515,0.549,97.8,95.98,0.538,1,4,4,4,3,5,12,5,15,10,6,1,29,7,17,7,7,2,5,10,Denver Nuggets
8,1610612765,Detroit Pistons,82,29,53,0.354,3961.0,100.9,102.7,105.6,107.2,-4.8,-4.5,0.585,1.4,16.6,0.324,0.695,0.506,0.164,0.487,0.521,93.2,91.69,0.467,1,23,23,23,16,21,24,25,21,26,23,9,21,12,27,19,19,22,24,10,Detroit Pistons
9,1610612744,Golden State Warriors,82,47,35,0.573,3961.0,104.2,105.1,102.6,104.2,1.7,0.9,0.589,1.49,17.1,0.285,0.712,0.506,0.157,0.506,0.545,96.8,95.66,0.502,1,10,10,10,16,12,13,12,20,17,14,24,2,13,14,10,10,4,16,10,Golden State Warriors
10,1610612745,Houston Rockets,82,45,37,0.549,3956.0,106.7,108.7,103.5,105.3,3.3,3.5,0.609,1.41,17.3,0.305,0.71,0.509,0.169,0.525,0.564,98.6,96.9,0.51,1,11,11,11,21,6,17,9,10,25,12,17,3,11,30,5,4,1,11,10,Houston Rockets
11,1610612754,Indiana Pacers,81,49,32,0.605,3918.0,101.6,103.4,96.6,99.0,5.0,4.3,0.578,1.34,15.9,0.336,0.701,0.522,0.165,0.479,0.521,92.8,90.93,0.537,29,8,8,8,30,19,1,8,24,30,27,4,15,1,29,22,20,25,6,10,Indiana Pacers
12,1610612746,Los Angeles Clippers,82,56,26,0.683,3946.0,107.7,109.7,101.0,102.8,6.7,6.9,0.62,1.64,18.4,0.323,0.697,0.512,0.158,0.526,0.557,93.6,91.84,0.548,1,5,5,5,26,4,8,3,5,6,3,10,19,8,21,4,5,21,4,10,Los Angeles Clippers
13,1610612747,Los Angeles Lakers,82,45,37,0.549,3951.0,105.6,107.0,103.6,105.9,2.0,1.1,0.598,1.48,16.8,0.309,0.702,0.51,0.157,0.512,0.548,96.8,95.08,0.513,1,11,11,11,24,7,21,11,17,19,20,13,12,10,18,9,8,7,9,10,Los Angeles Lakers
14,1610612763,Memphis Grizzlies,82,56,26,0.683,3961.0,101.7,103.6,97.4,99.1,4.2,4.5,0.579,1.5,16.5,0.344,0.702,0.52,0.155,0.472,0.514,91.1,89.58,0.531,1,5,5,5,16,18,2,6,23,16,24,2,10,2,12,28,23,29,7,10,Memphis Grizzlies
15,1610612748,Miami Heat,82,66,16,0.805,3976.0,110.3,111.4,100.5,103.2,9.9,8.2,0.6,1.65,18.4,0.264,0.678,0.485,0.151,0.552,0.588,93.0,91.27,0.564,1,1,1,1,4,1,9,2,13,4,4,26,28,26,7,1,1,24,2,10,Miami Heat
16,1610612749,Milwaukee Bucks,82,38,44,0.463,3966.0,100.9,102.5,102.3,104.2,-1.4,-1.7,0.6,1.62,17.0,0.315,0.678,0.491,0.146,0.476,0.51,97.3,95.67,0.488,1,18,18,18,12,22,14,19,14,7,17,11,27,22,4,24,28,3,19,10,Milwaukee Bucks
17,1610612750,Minnesota Timberwolves,82,31,51,0.378,3946.0,100.1,101.8,102.9,104.0,-2.8,-2.2,0.624,1.51,17.1,0.312,0.702,0.5,0.157,0.473,0.516,95.2,93.96,0.494,1,22,22,22,26,25,11,20,4,15,15,12,9,14,20,27,21,11,18,10,Minnesota Timberwolves
18,1610612740,New Orleans Hornets,82,27,55,0.329,3956.0,102.7,104.5,107.6,108.9,-5.0,-4.4,0.582,1.44,16.7,0.332,0.705,0.514,0.162,0.489,0.528,90.9,89.53,0.464,1,26,26,26,21,15,28,24,22,22,21,5,7,4,25,17,18,30,25,10,New Orleans Hornets
19,1610612752,New York Knicks,82,54,28,0.659,3946.0,108.6,109.8,103.5,105.4,5.1,4.5,0.527,1.6,15.6,0.291,0.708,0.494,0.132,0.515,0.55,92.0,90.69,0.512,1,7,7,7,26,3,19,7,30,9,29,22,4,18,1,8,6,26,10,10,New York Knicks
20,1610612760,Oklahoma City Thunder,82,60,22,0.732,3966.0,110.2,111.0,99.2,101.2,11.0,9.9,0.561,1.4,16.6,0.291,0.702,0.513,0.16,0.527,0.58,95.9,94.6,0.57,1,2,2,2,12,2,4,1,28,27,22,23,8,6,23,3,2,9,1,10,Oklahoma City Thunder
21,1610612753,Orlando Magic,82,20,62,0.244,3956.0,98.9,100.9,106.7,108.3,-7.8,-7.4,0.605,1.57,17.6,0.293,0.707,0.498,0.156,0.485,0.514,94.5,92.82,0.459,1,30,30,30,21,27,27,29,12,11,10,20,5,16,13,20,22,15,26,10,Orlando Magic
22,1610612755,Philadelphia 76ers,82,34,48,0.415,3951.0,99.5,101.0,103.0,104.7,-3.4,-3.7,0.61,1.74,17.7,0.291,0.695,0.489,0.141,0.481,0.509,93.3,91.88,0.474,1,19,19,19,24,26,15,23,7,1,8,21,20,24,2,21,29,20,22,10,Philadelphia 76ers
23,1610612756,Phoenix Suns,82,25,57,0.305,3961.0,98.2,100.1,105.7,106.8,-7.5,-6.7,0.606,1.45,17.1,0.308,0.687,0.491,0.164,0.477,0.512,95.9,94.49,0.458,1,27,27,27,16,29,23,28,11,21,13,14,25,20,28,23,27,10,27,10,Phoenix Suns
24,1610612757,Portland Trail Blazers,82,33,49,0.402,3971.0,102.7,104.5,106.9,107.9,-4.2,-3.4,0.593,1.48,17.0,0.294,0.702,0.495,0.157,0.498,0.536,93.7,92.49,0.468,1,21,21,21,7,16,25,22,18,18,16,19,11,17,16,13,14,18,23,10,Portland Trail Blazers
25,1610612758,Sacramento Kings,82,28,54,0.341,3966.0,103.0,105.3,108.6,110.0,-5.6,-4.6,0.553,1.42,16.0,0.306,0.673,0.485,0.154,0.491,0.532,96.3,94.66,0.454,1,25,25,25,12,11,29,26,29,24,26,15,30,27,10,16,17,8,28,10,Sacramento Kings
26,1610612759,San Antonio Spurs,82,58,24,0.707,3976.0,105.9,107.0,99.2,100.3,6.8,6.8,0.641,1.71,19.1,0.243,0.715,0.493,0.153,0.531,0.568,96.4,95.34,0.551,1,3,3,3,4,8,3,4,3,2,1,30,1,19,9,2,3,5,3,10,San Antonio Spurs
27,1610612761,Toronto Raptors,82,34,48,0.415,3996.0,102.9,105.0,104.7,106.4,-1.7,-1.4,0.592,1.57,16.9,0.296,0.688,0.49,0.148,0.488,0.532,92.9,91.3,0.484,1,19,19,19,1,13,22,18,19,12,18,18,24,23,5,18,16,23,20,10,Toronto Raptors
28,1610612762,Utah Jazz,82,43,39,0.524,3976.0,103.6,105.3,104.3,105.5,-0.7,-0.2,0.61,1.54,17.4,0.329,0.697,0.51,0.159,0.492,0.533,93.4,92.08,0.504,1,15,15,15,4,10,20,15,8,14,11,7,18,9,22,15,15,19,15,10,Utah Jazz
29,1610612764,Washington Wizards,82,29,53,0.354,3971.0,97.8,99.3,100.6,101.6,-2.7,-2.3,0.61,1.43,16.9,0.279,0.706,0.491,0.161,0.475,0.512,94.4,93.26,0.481,1,23,23,23,7,30,5,21,9,23,19,25,6,21,24,25,25,14,21,10,Washington Wizards
0,1610612737,Atlanta Hawks,66,40,26,0.606,3233.0,102.4,104.2,98.6,100.3,3.8,3.9,0.61,1.61,17.6,0.279,0.703,0.493,0.151,0.5,0.535,92.5,90.92,0.526,1,8,8,8,1,13,6,6,6,5,6,26,9,22,10,8,8,23,8,10,Atlanta Hawks
1,1610612738,Boston Celtics,66,39,27,0.591,3188.0,98.9,100.1,95.5,97.5,3.4,2.6,0.665,1.59,18.8,0.245,0.686,0.478,0.162,0.496,0.535,92.6,91.13,0.535,1,10,10,10,16,24,2,11,1,8,1,30,23,28,19,10,7,22,5,10,Boston Celtics
2,1610612766,Charlotte Bobcats,66,7,59,0.106,3178.0,92.3,94.4,107.8,109.4,-15.5,-15.1,0.605,1.39,16.0,0.285,0.678,0.474,0.157,0.439,0.483,93.6,91.88,0.411,1,30,30,30,26,30,30,30,8,16,19,24,25,29,16,30,30,17,30,10,Charlotte Bobcats
3,1610612741,Chicago Bulls,66,50,16,0.758,3188.0,104.5,106.3,95.3,97.4,9.3,8.8,0.619,1.65,17.7,0.361,0.703,0.536,0.154,0.49,0.523,91.8,90.0,0.561,1,1,1,1,16,5,1,1,3,4,4,1,8,1,14,14,19,27,1,10,Chicago Bulls
4,1610612739,Cleveland Cavaliers,66,21,45,0.318,3193.0,98.1,100.0,106.0,107.6,-7.9,-7.7,0.579,1.29,15.4,0.323,0.683,0.496,0.166,0.463,0.505,94.0,92.35,0.439,1,27,27,27,10,25,27,29,16,26,23,7,24,18,25,29,29,14,29,10,Cleveland Cavaliers
5,1610612742,Dallas Mavericks,66,36,30,0.545,3213.0,101.0,102.0,99.7,100.9,1.3,1.1,0.575,1.49,16.5,0.268,0.714,0.493,0.149,0.489,0.527,93.6,92.64,0.51,1,13,13,13,3,22,8,14,17,12,15,28,4,23,6,15,15,12,14,10,Dallas Mavericks
6,1610612743,Denver Nuggets,66,38,28,0.576,3208.0,106.5,108.3,103.4,105.1,3.1,3.2,0.615,1.56,17.9,0.316,0.705,0.515,0.16,0.516,0.556,96.7,95.06,0.527,1,11,11,11,6,3,22,9,4,10,2,10,7,4,18,2,3,2,7,10,Denver Nuggets
7,1610612765,Detroit Pistons,66,25,41,0.379,3193.0,97.8,99.9,104.0,104.9,-6.2,-5.0,0.538,1.19,15.1,0.322,0.689,0.5,0.172,0.468,0.51,91.7,90.33,0.448,1,22,22,22,10,27,20,26,25,29,27,8,18,16,29,28,26,25,28,10,Detroit Pistons
8,1610612744,Golden State Warriors,66,23,43,0.348,3183.0,103.1,103.9,106.0,107.2,-3.0,-3.4,0.591,1.61,17.4,0.256,0.658,0.46,0.147,0.505,0.539,94.7,93.8,0.472,1,23,23,23,23,16,26,22,11,6,8,29,30,30,4,5,5,7,24,10,Golden State Warriors
9,1610612745,Houston Rockets,66,34,32,0.515,3213.0,102.7,104.2,102.1,103.9,0.6,0.2,0.564,1.47,16.4,0.309,0.692,0.499,0.154,0.492,0.529,94.3,92.85,0.497,1,17,17,17,3,14,16,18,20,14,16,15,15,17,13,11,14,11,18,10,Houston Rockets
10,1610612754,Indiana Pacers,66,42,24,0.636,3198.0,103.5,105.4,100.4,102.1,3.1,3.3,0.522,1.33,14.7,0.333,0.689,0.511,0.151,0.474,0.526,93.4,91.69,0.521,1,5,5,5,8,8,10,7,28,22,28,4,19,5,11,23,16,20,10,10,Indiana Pacers
11,1610612746,Los Angeles Clippers,66,40,26,0.606,3193.0,105.2,107.5,102.9,104.8,2.2,2.7,0.568,1.58,16.6,0.331,0.692,0.507,0.147,0.502,0.533,91.8,89.99,0.517,1,8,8,8,10,4,18,10,19,9,13,5,16,9,3,7,12,28,12,10,Los Angeles Clippers
12,1610612747,Los Angeles Lakers,66,41,25,0.621,3213.0,103.3,104.5,101.7,103.1,1.7,1.4,0.611,1.49,17.3,0.327,0.719,0.532,0.162,0.491,0.534,92.9,91.75,0.524,1,6,6,6,3,10,12,13,5,13,10,6,3,2,20,13,9,19,9,10,Los Angeles Lakers
13,1610612763,Memphis Grizzlies,66,41,25,0.621,3188.0,101.0,102.8,98.9,100.6,2.1,2.2,0.532,1.35,15.4,0.335,0.688,0.508,0.157,0.473,0.515,93.4,91.84,0.514,1,6,6,6,16,20,7,12,26,18,24,3,20,8,15,25,24,18,13,10,Memphis Grizzlies
14,1610612748,Miami Heat,66,46,20,0.697,3208.0,104.3,105.6,97.1,99.2,7.2,6.4,0.538,1.31,15.9,0.299,0.693,0.504,0.163,0.505,0.549,93.7,92.09,0.553,1,4,4,4,6,6,4,3,24,24,20,21,13,12,21,6,4,16,2,10,Miami Heat
15,1610612749,Milwaukee Bucks,66,31,35,0.47,3173.0,102.4,104.5,102.4,104.1,0.0,0.4,0.62,1.67,17.6,0.314,0.675,0.49,0.148,0.481,0.521,96.4,94.68,0.503,1,19,19,19,28,11,17,17,2,3,5,12,28,24,5,17,20,3,16,10,Milwaukee Bucks
16,1610612750,Minnesota Timberwolves,66,26,40,0.394,3188.0,101.5,103.1,103.6,105.3,-2.2,-2.2,0.548,1.29,15.1,0.311,0.693,0.502,0.16,0.477,0.524,96.0,94.44,0.483,1,21,21,21,16,18,24,21,23,25,25,13,14,15,17,20,18,4,21,10,Minnesota Timberwolves
17,1610612751,New Jersey Nets,66,22,44,0.333,3178.0,99.7,101.8,106.9,108.1,-7.2,-6.3,0.58,1.32,15.8,0.314,0.677,0.489,0.165,0.473,0.516,92.7,91.27,0.448,1,25,25,25,26,23,28,28,15,23,21,11,27,26,24,24,23,21,27,10,New Jersey Nets
18,1610612740,New Orleans Hornets,66,21,45,0.318,3188.0,98.3,99.8,102.3,103.9,-4.0,-4.0,0.595,1.34,16.7,0.31,0.696,0.506,0.173,0.476,0.517,90.7,89.28,0.482,1,27,27,27,16,28,15,24,10,20,12,14,12,11,30,21,22,30,22,10,New Orleans Hornets
19,1610612752,New York Knicks,66,36,30,0.545,3188.0,101.4,103.4,98.4,100.2,3.0,3.2,0.562,1.26,15.6,0.309,0.702,0.503,0.169,0.492,0.533,95.7,93.94,0.52,1,13,13,13,16,17,5,8,22,27,22,16,11,13,27,12,11,6,11,10,New York Knicks
20,1610612760,Oklahoma City Thunder,66,47,19,0.712,3198.0,107.1,108.4,100.0,102.1,7.2,6.3,0.497,1.13,14.6,0.304,0.687,0.509,0.172,0.516,0.567,95.7,94.12,0.542,1,3,3,3,8,2,9,4,30,30,30,19,21,7,28,3,1,5,4,10,Oklahoma City Thunder
21,1610612753,Orlando Magic,66,37,29,0.561,3193.0,102.4,103.9,101.7,103.3,0.7,0.6,0.581,1.34,16.1,0.306,0.72,0.51,0.165,0.506,0.533,91.2,89.78,0.493,1,12,12,12,10,15,13,15,14,19,17,18,1,6,23,4,10,29,20,10,Orlando Magic
22,1610612755,Philadelphia 76ers,66,35,31,0.53,3183.0,101.7,102.7,96.6,98.2,5.1,4.6,0.588,1.97,17.5,0.277,0.712,0.495,0.123,0.48,0.511,91.9,90.69,0.532,1,16,16,16,23,21,3,5,12,1,7,27,5,19,1,19,25,24,6,10,Philadelphia 76ers
23,1610612756,Phoenix Suns,66,33,33,0.5,3168.0,103.5,105.2,103.8,105.2,-0.2,-0.1,0.596,1.6,17.4,0.294,0.687,0.493,0.15,0.499,0.536,95.0,93.61,0.502,1,18,18,18,30,9,23,19,9,7,9,22,22,21,9,9,6,9,17,10,Phoenix Suns
24,1610612757,Portland Trail Blazers,66,28,38,0.424,3193.0,102.8,104.4,103.7,105.3,-0.9,-0.9,0.562,1.44,16.1,0.303,0.691,0.493,0.152,0.488,0.531,93.7,92.26,0.494,1,20,20,20,10,12,25,20,21,15,18,20,17,20,12,16,13,15,19,10,Portland Trail Blazers
25,1610612758,Sacramento Kings,66,22,44,0.333,3183.0,101.0,102.9,106.8,108.7,-5.8,-5.8,0.51,1.34,14.7,0.321,0.67,0.487,0.15,0.472,0.51,97.3,95.57,0.451,1,25,25,25,23,19,29,27,29,21,29,9,29,27,8,27,27,1,26,10,Sacramento Kings
26,1610612759,San Antonio Spurs,66,50,16,0.758,3188.0,108.5,110.0,100.6,102.3,7.9,7.7,0.585,1.71,17.8,0.282,0.72,0.507,0.144,0.528,0.562,95.1,93.7,0.546,1,1,1,1,16,1,11,2,13,2,3,25,2,10,2,1,2,8,3,10,San Antonio Spurs
27,1610612761,Toronto Raptors,66,23,43,0.348,3193.0,98.5,99.6,101.5,103.6,-3.0,-3.9,0.609,1.38,16.8,0.294,0.708,0.503,0.167,0.475,0.518,91.6,90.2,0.478,1,23,23,23,10,29,14,23,7,17,11,23,6,14,26,22,21,26,23,10,Toronto Raptors
28,1610612762,Utah Jazz,66,36,30,0.545,3233.0,103.7,105.5,103.6,104.9,0.2,0.5,0.57,1.54,16.6,0.34,0.703,0.519,0.15,0.481,0.525,93.9,92.55,0.509,1,13,13,13,1,7,19,16,18,11,14,2,10,3,7,18,17,13,15,10,Utah Jazz
29,1610612764,Washington Wizards,66,20,46,0.303,3173.0,97.8,100.0,103.8,104.9,-6.0,-5.0,0.523,1.25,15.1,0.308,0.678,0.489,0.163,0.472,0.508,95.1,93.59,0.46,1,29,29,29,28,26,21,25,27,28,26,17,26,25,22,26,28,10,25,10,Washington Wizards
0,1610612737,Atlanta Hawks,82,44,38,0.537,3946.0,103.2,105.1,104.6,105.8,-1.4,-0.7,0.607,1.61,17.7,0.274,0.71,0.494,0.151,0.501,0.542,91.6,90.23,0.493,1,13,13,13,28,21,14,16,5,10,6,28,10,23,14,12,14,27,18,10,Atlanta Hawks
1,1610612738,Boston Celtics,82,56,26,0.683,3956.0,104.0,105.5,97.8,99.8,6.2,5.7,0.635,1.61,18.8,0.257,0.709,0.497,0.159,0.519,0.561,92.5,90.94,0.558,1,6,6,6,20,17,2,5,2,11,1,30,11,20,23,7,5,23,1,10,Boston Celtics
2,1610612766,Charlotte Bobcats,82,34,48,0.415,3961.0,100.8,102.8,104.8,106.9,-4.0,-4.2,0.601,1.45,16.9,0.298,0.705,0.502,0.16,0.482,0.528,92.1,90.3,0.48,1,22,22,22,18,26,17,24,7,21,13,17,12,13,25,25,24,26,22,10,Charlotte Bobcats
3,1610612741,Chicago Bulls,82,62,20,0.756,3966.0,105.5,107.2,97.4,99.4,8.1,7.8,0.601,1.57,17.3,0.332,0.717,0.528,0.154,0.501,0.541,92.9,91.23,0.555,1,1,1,1,12,12,1,1,9,13,9,4,3,1,20,14,15,22,3,10,Chicago Bulls
4,1610612739,Cleveland Cavaliers,82,19,63,0.232,3951.0,99.5,101.5,109.1,110.9,-9.6,-9.5,0.596,1.48,16.4,0.283,0.699,0.485,0.151,0.472,0.518,95.5,93.76,0.441,1,29,29,29,27,28,29,30,10,20,21,22,16,27,17,28,27,12,30,10,Cleveland Cavaliers
5,1610612742,Dallas Mavericks,82,57,25,0.695,3941.0,107.6,108.4,102.3,104.1,5.3,4.4,0.637,1.71,18.7,0.278,0.713,0.504,0.151,0.525,0.565,93.4,92.24,0.538,1,4,4,4,29,9,8,8,1,3,2,25,7,11,16,3,4,17,6,10,Dallas Mavericks
6,1610612743,Denver Nuggets,82,50,32,0.61,3941.0,109.5,111.7,104.8,106.8,4.7,4.9,0.576,1.57,17.0,0.283,0.716,0.506,0.147,0.526,0.573,97.9,96.07,0.524,1,9,9,9,29,1,16,7,15,14,12,23,4,9,9,2,1,3,9,10,Denver Nuggets
7,1610612765,Detroit Pistons,82,30,52,0.366,3976.0,104.6,107.0,109.0,110.7,-4.4,-3.6,0.566,1.62,16.8,0.317,0.681,0.491,0.144,0.495,0.533,91.5,89.83,0.464,1,24,24,24,6,15,28,23,20,9,18,9,26,25,6,17,22,28,24,10,Detroit Pistons
8,1610612744,Golden State Warriors,82,36,46,0.439,3966.0,105.5,107.1,107.6,109.4,-2.1,-2.3,0.568,1.54,17.0,0.3,0.659,0.476,0.151,0.51,0.544,97.4,95.87,0.472,1,20,20,20,12,13,26,21,19,16,11,16,30,29,18,9,12,4,23,10,Golden State Warriors
9,1610612745,Houston Rockets,82,43,39,0.524,3976.0,108.0,110.2,106.2,107.9,1.8,2.3,0.617,1.76,17.8,0.315,0.69,0.501,0.141,0.503,0.55,96.9,95.15,0.515,1,14,14,14,6,4,18,11,4,1,5,10,21,14,2,10,10,8,12,10,Houston Rockets
10,1610612754,Indiana Pacers,82,37,45,0.451,3956.0,101.9,104.0,103.4,105.0,-1.5,-1.0,0.536,1.28,15.2,0.297,0.703,0.501,0.16,0.486,0.533,97.2,95.53,0.492,1,19,19,19,20,23,12,19,26,27,28,18,13,15,26,23,23,6,19,10,Indiana Pacers
11,1610612746,Los Angeles Clippers,82,32,50,0.39,3971.0,101.8,104.8,106.3,108.0,-4.5,-3.2,0.601,1.35,16.9,0.33,0.692,0.511,0.174,0.496,0.535,95.5,93.36,0.483,1,23,23,23,10,22,19,22,8,25,15,6,20,7,30,16,17,13,21,10,Los Angeles Clippers
12,1610612747,Los Angeles Lakers,82,57,25,0.695,3966.0,107.9,109.6,101.3,103.2,6.6,6.3,0.576,1.68,17.0,0.325,0.692,0.513,0.141,0.502,0.545,93.4,91.79,0.541,1,4,4,4,12,7,6,3,16,4,10,7,19,4,3,11,11,19,4,10,Los Angeles Lakers
13,1610612763,Memphis Grizzlies,82,46,36,0.561,3976.0,104.4,107.0,102.5,104.5,1.9,2.5,0.528,1.48,16.0,0.333,0.682,0.505,0.15,0.493,0.534,94.5,92.44,0.518,1,11,11,11,6,14,11,10,29,19,23,3,23,10,13,20,19,16,10,10,Memphis Grizzlies
14,1610612748,Miami Heat,82,58,24,0.707,3956.0,109.3,110.6,100.7,102.9,8.5,7.8,0.541,1.44,16.1,0.287,0.715,0.514,0.151,0.524,0.573,93.2,91.66,0.556,1,3,3,3,20,2,5,2,25,23,22,20,5,3,15,4,2,20,2,10,Miami Heat
15,1610612749,Milwaukee Bucks,82,35,47,0.427,3966.0,99.0,100.7,99.9,101.5,-1.0,-0.7,0.549,1.4,15.3,0.287,0.71,0.492,0.147,0.467,0.511,92.1,90.58,0.488,1,21,21,21,12,30,3,17,23,24,27,21,9,24,11,30,30,25,20,10,Milwaukee Bucks
16,1610612750,Minnesota Timberwolves,82,17,65,0.207,3956.0,101.1,103.1,108.3,109.9,-7.2,-6.8,0.534,1.18,15.0,0.336,0.698,0.512,0.174,0.483,0.526,99.2,97.53,0.443,1,30,30,30,20,24,27,27,28,30,29,1,17,5,29,24,25,1,29,10,Minnesota Timberwolves
17,1610612751,New Jersey Nets,82,24,58,0.293,4001.0,100.2,102.1,107.0,108.9,-6.9,-6.8,0.59,1.5,16.6,0.304,0.7,0.497,0.152,0.474,0.517,92.4,90.74,0.452,1,25,25,25,1,27,22,28,12,17,19,15,15,18,19,27,28,24,27,10,New Jersey Nets
18,1610612740,New Orleans Hornets,82,46,36,0.561,3966.0,103.8,105.3,102.5,104.4,1.4,0.9,0.574,1.58,16.8,0.289,0.721,0.503,0.145,0.493,0.537,90.9,89.42,0.507,1,11,11,11,12,18,9,15,17,12,17,19,2,12,7,19,16,29,14,10,New Orleans Hornets
19,1610612752,New York Knicks,82,42,40,0.512,3956.0,108.3,109.9,106.9,109.0,1.4,1.0,0.56,1.56,16.4,0.273,0.676,0.473,0.141,0.513,0.561,98.1,96.47,0.504,1,15,15,15,20,5,23,14,21,15,20,29,28,30,4,8,6,2,15,10,New York Knicks
20,1610612760,Oklahoma City Thunder,82,55,27,0.671,4001.0,108.6,109.8,104.0,105.9,4.5,3.9,0.545,1.45,15.8,0.306,0.697,0.507,0.148,0.501,0.561,95.3,93.88,0.529,1,7,7,7,1,6,15,9,24,22,25,13,18,8,12,13,7,10,8,10,Oklahoma City Thunder
21,1610612753,Orlando Magic,82,52,30,0.634,3966.0,105.7,107.4,99.1,101.8,6.6,5.6,0.553,1.34,15.9,0.304,0.723,0.518,0.162,0.521,0.554,93.5,91.56,0.534,1,8,8,8,12,10,4,6,22,26,24,14,1,2,27,6,9,21,7,10,Orlando Magic
22,1610612755,Philadelphia 76ers,82,41,41,0.5,3986.0,104.0,105.3,102.5,103.8,1.5,1.5,0.596,1.75,17.6,0.278,0.714,0.497,0.138,0.494,0.535,93.9,92.81,0.51,1,16,16,16,4,19,7,13,11,2,7,24,6,19,1,18,18,15,13,10,Philadelphia 76ers
23,1610612756,Phoenix Suns,82,40,42,0.488,4001.0,107.0,108.5,107.4,109.3,-0.4,-0.8,0.604,1.66,17.9,0.275,0.681,0.48,0.147,0.522,0.559,96.8,95.24,0.494,1,17,17,17,1,8,25,18,6,6,4,27,25,28,10,5,8,7,17,10,Phoenix Suns
24,1610612757,Portland Trail Blazers,82,48,34,0.585,3961.0,105.6,107.3,104.2,105.7,1.4,1.6,0.588,1.62,16.9,0.331,0.682,0.499,0.145,0.486,0.533,90.5,89.15,0.516,1,10,10,10,18,11,13,12,13,8,14,5,24,17,8,22,20,30,11,10,Portland Trail Blazers
25,1610612758,Sacramento Kings,82,24,58,0.293,3971.0,100.6,102.9,106.3,108.4,-5.7,-5.6,0.534,1.27,15.4,0.334,0.702,0.512,0.167,0.48,0.519,97.8,95.78,0.462,1,25,25,25,10,25,20,25,27,29,26,2,14,6,28,26,26,5,25,10,Sacramento Kings
26,1610612759,San Antonio Spurs,82,61,21,0.744,3956.0,109.4,110.5,102.8,104.4,6.6,6.2,0.583,1.67,17.5,0.276,0.711,0.5,0.143,0.527,0.567,94.6,93.35,0.538,1,2,2,2,20,3,10,4,14,5,8,26,8,16,5,1,3,14,5,10,San Antonio Spurs
27,1610612761,Toronto Raptors,82,22,60,0.268,3956.0,103.3,105.2,110.0,111.7,-6.7,-6.5,0.571,1.49,16.8,0.314,0.685,0.495,0.156,0.491,0.533,95.4,93.78,0.459,1,28,28,28,20,20,30,26,18,18,16,12,22,22,22,21,21,11,26,10,Toronto Raptors
28,1610612762,Utah Jazz,82,39,43,0.476,3976.0,104.9,107.0,107.3,108.8,-2.4,-1.8,0.627,1.63,18.0,0.314,0.679,0.496,0.154,0.498,0.544,93.6,92.05,0.5,1,18,18,18,6,16,21,20,3,7,3,11,27,21,21,15,13,18,16,10,Utah Jazz
29,1610612764,Washington Wizards,82,23,59,0.28,3986.0,99.6,101.3,107.2,109.1,-7.6,-7.8,0.522,1.27,14.9,0.317,0.671,0.488,0.16,0.471,0.513,96.5,94.78,0.445,1,27,27,27,4,29,24,29,30,28,30,8,29,26,24,29,29,9,28,10,Washington Wizards
